10 0 0 3 0 0 0 13 11 16 0 0 0 0 0 14
0 14 0 13 0 9 0 2 12 0 7 0 10 0 3 0
8 0 16 7 0 0 0 0 0 6 14 13 4 0 11 0
0 0 12 0 0 0 0 0 10 3 4 0 0 0 0 0
11 0 0 0 0 13 0 0 0 9 12 4 0 0 5 1
9 3 0 0 0 0 10 0 13 15 0 0 0 0 0 0
5 10 4 0 0 3 0 0 0 0 6 8 0 13 0 0
0 0 0 0 0 0 0 11 16 10 0 0 0 3 9 4
14 16 8 0 0 0 13 6 1 0 0 0 0 0 0 0
0 0 13 0 12 15 0 0 0 0 8 0 0 9 14 11
0 0 0 0 0 0 11 9 0 12 0 0 0 0 6 2
6 5 0 0 14 16 8 0 0 0 10 0 0 0 0 7
0 0 0 0 0 2 6 7 0 0 0 0 0 14 0 0
0 13 0 5 11 10 15 0 0 0 0 0 9 12 0 3
0 11 0 6 0 14 0 8 4 0 13 0 5 0 2 0
4 0 0 0 0 0 1 5 9 0 0 0 7 0 0 8
